-1.30243553304719
0.575134201795586
2.61998900628451
4.71901617443964
6.67557758355671
8.23970335438339
9.15878206157644
9.24007196023268
8.41257756185699
6.77413874938931
4.61053945375928
2.37718833793541
0.640069932651281
-0.0196677767632529
0.874804305908814
3.57147270095032
7.98308689592794
13.6225228198400
19.5997520335547
24.6923779521832
27.4905773772055
26.6044541179692
20.9092620951026
9.79384789479984
-6.62802131926239
-27.3835843909127
-50.6176961233955
-73.7006792014856
-93.4703313897808
-106.590858428017
-109.991745137715
-101.333285333333
-79.4354766792327
-44.6053330637287
1.19464608134346
54.3774358642908
109.978523033848
162.107386118839
204.562916712571
231.546906397880
238.391662740089
222.210048786430
182.380426372699
120.795166821916
41.8279195001951
-47.9914801859906
-140.569030416182
-227.045515836588
-298.714548690329
-347.954630131213
-369.066106330380
-358.913774746371
-317.298582122716
-247.014443342687
-153.584414600830
-44.7092043312267
70.5048444514121
182.446109146421
281.921429084997
360.999290008490
413.682817274360
436.348241511764
427.916978736821
389.764392683775
325.400724366908
239.985131666081
139.748979875837
31.4077809410257
-78.3673487430065
-183.366218627648
-278.116427366781
-358.019912409956
-419.373200501743
-459.313657057501
-475.743022550059
-467.277878683952
-433.264847171248
-373.878446134263
-290.295149898359
-184.912678206206
-61.5633764125014
74.3413508787615
215.799540332593
354.393098523253
480.679121119588
584.798726239349
657.269579195287
689.894812821099
676.693774167983
614.743548258822
504.817777920858
351.722303079956
164.254831553523
-45.2446351267909
-261.739201988357
-468.674832985580
-649.389802906189
-788.616696328180
-873.922545220803
-896.933368357293
-854.208379938649
-747.664508470796
-584.499509568635
-376.616153196201
-139.604131700095
108.616122052502
349.348330432904
564.715900818839
739.139778923887
860.558174233999
921.280980219284
918.415828159454
853.851843715545
733.835041437737
568.210017312876
369.431488204057
151.463367449953
-71.3183316563993
-285.118041132409
-477.534395611983
-638.153766170577
-758.916011362321
-834.274753588689
-861.196169848344
-839.051108729699
-769.454507092855
-656.094718819876
-504.576339635322
-322.277500843000
-118.201048883132
97.2170427551395
312.385775353727
514.963635535991
692.414529327165
832.716103274451
925.191755099658
961.407115066026
936.045623020882
847.660927533278
699.199969816471
498.201809082727
256.603370794387
-9.87800862354030
-282.768465978435
-542.201849230473
-768.513021610914
-943.914090956092
-1054.08809165590
-1089.53413404088
-1046.51725980732
-927.513546909778
-741.092326686650
-501.236729787144
-226.164040632818
63.2388231924875
345.208555573352
598.948388946506
806.339371401206
953.356996316501
1031.06655964524
1036.12019689131
970.734925113996
842.187078381398
661.907431123934
444.297371743075
205.405931719781
-38.3911477490116
-271.584797934074
-480.502399839526
-653.996203782726
-783.833893216716
-864.813050069200
-894.651371047665
-873.722754885145
-804.714152667618
-692.269824671334
-542.670858436070
-363.572512667383
-163.795086426703
46.8594038773173
257.808099162259
457.953997177811
636.059816607182
781.252478406032
883.655591150569
935.117320470004
929.972131962676
865.752224071385
743.752369014476
569.353278713245
352.024510596414
104.957194700186
-155.683667593494
-411.852719641758
-644.984522097659
-837.503521878469
-974.340498789479
-1044.30196657025
-1041.14659395505
-964.247940119073
-818.763110858543
-615.277778659603
-368.953386329349
-98.2556288141428
176.611954085470
435.414632424059
659.565516901884
833.614885152677
946.411593161577
991.837130888855
969.061567769342
882.323124531342
740.282970920149
555.048176048932
340.983902738928
113.448167723004
-112.421818498989
-322.761989512214
-505.793458306013
-652.352691937233
-756.136869000238
-813.695899174048
-824.228389447908
-789.253035326838
-712.228376968780
-598.183430977708
-453.402004990632
-285.178473114454
-101.637084177257
88.4148886323450
275.643794456392
450.403284729239
603.044723307558
724.346419222837
806.058893022148
841.535312406648
826.389724869826
759.105483668782
641.506233371592
479.004504309236
280.559032278940
58.3000377433864
-173.181338358126
-397.842106129136
-599.417853271586
-762.764441859931
-875.179672119252
-927.567501643246
-915.317859102720
-838.801357652095
-703.417419012192
-519.181815594451
-299.889613452491
-61.9357559213549
177.087682403901
399.875745315782
590.828417000661
737.265188464288
830.326139633352
865.487718404750
842.666488118595
765.930028337736
642.875135305412
483.764566797078
300.531409547053
105.763243552593
-88.2327686876062
-270.205424081268
-430.527541714981
-561.541573514093
-657.698760050507
-715.532266170463
-733.519495604395
-711.892383570544
-652.447224723539
-558.389539205626
-434.227982131135
-285.708513377439
-119.760229629823
55.5888797682933
231.371902180563
397.958018001468
545.466022069130
664.316719689606
745.897828890583
783.288934555804
771.972981152637
710.448539846599
600.656244017749
448.144358201716
261.921647245356
53.9780463155012
-161.508800018849
-369.225037880812
-553.940579333653
-701.783616082662
-801.443921245545
-845.181820496620
-829.536833163177
-755.659767349209
-629.231042407611
-459.971563123783
-260.795359790781
-46.6903148192346
166.559740426640
363.684499515812
531.141934029398
658.126865484255
737.288575641404
765.107578124940
741.920270480869
671.617651765898
561.076148019118
419.401277376583
257.076204417843
85.1065727835347
-85.7586254882209
-245.670565297967
-386.154196690476
-500.404105388396
-583.418534522262
-632.005283767750
-644.702899649484
-621.661344602701
-564.518800866520
-476.297345939775
-361.322822393908
-225.156719811401
-74.5136654048715
82.8700044451231
238.451344742162
383.206160727805
508.075570836838
604.523824217449
665.174481061505
684.470804390560
659.290327334330
589.436136860503
477.930438767709
331.049976339744
158.066809481851
-29.3107446077009
-217.767325270709
-393.416226461419
-542.949410483878
-654.790714283950
-720.134650132107
-733.760580139022
-694.532850545469
-605.529497635624
-473.781647256632
-309.647939916699
-125.888018989379
63.4686079670676
244.341173551932
403.779636919375
530.993663481953
618.133302582648
660.757610072781
657.965189034846
612.199549049928
528.777303704170
415.214192902583
280.439638672334
133.993582884793
-14.7099099356189
-156.987282808310
-285.319593663533
-393.606083683111
-477.253985397655
-533.142260690683
-559.509127112778
-555.815284107682
-522.626980750046
-461.547348617594
-375.203892997706
-267.278573469959
-142.548509279943
-6.89348799944937
132.776477031040
268.713397669026
392.667234649880
496.366552697504
572.118843260306
613.480192610457
615.923804085418
577.425416358926
498.883320349083
384.302300742752
240.693488201904
77.6732084928041
-93.2204722829810
-259.439398032773
-408.480696019058
-528.980355700842
-611.730860747500
-650.513951777103
-642.658288078330
-589.261706511431
-495.055203405239
-367.925941038222
-218.154399059507
-57.4514914574803
102.098719954598
249.078442828213
373.652453850599
468.275401532281
528.133026268487
551.294342947801
538.586641742504
493.236078224900
420.339786717257
326.248233754755
217.937862875756
102.444554120925
-13.5898686798738
-124.229645271943
-224.412562695018
-309.992927771680
-377.697325448365
-425.039588855348
-450.241347520014
-452.195719319034
-430.495994449814
-385.531423801375
-318.631978588854
-232.226764723943
-129.969735444887
-16.7835637121049
101.221170517477
216.979568576287
322.865621438920
411.227189427751
475.020442412764
508.480993490971
507.755823616413
471.416638577535
400.782563182466
299.997604380449
175.834186926274
37.2251431104426
-105.441121311501
-241.198174309872
-359.465181429316
-450.997375668018
-508.723282026580
-528.379759419668
-508.877805961990
-452.362000764630
-363.960698009699
-251.258373799111
-123.551604117490
9.02763843204457
136.425935848324
249.524107210611
340.850348940128
405.087332307222
439.337072212101
443.137486476337
418.253471844573
368.289352393354
298.185832178315
213.671405739895
120.735220836793
25.1766969359244
-67.7309865400135
-153.448046745415
-228.252061455481
-289.223300909939
-334.168489920964
-361.525025952220
-370.284682454903
-359.965709886403
-330.646958017436
-283.059925560225
-218.717604141304
-140.045612334833
-50.4738204795454
45.5530975923265
142.679714903964
234.877167249249
315.812776301057
379.329524226727
419.992817523314
433.646430753050
417.911131701013
372.559891167947
299.713182356608
203.815778117009
91.3805565851315
-29.4879026110918
-149.750253291462
-260.207222101026
-352.313829072227
-418.947825250205
-455.050792968490
-458.073859301572
-428.181713129277
-368.195851025829
-283.287259502746
-180.456383814923
-67.8608060731097
45.9341596087312
152.701400583446
245.218386698019
317.791297522241
366.594424259005
389.806562046290
387.550939081999
361.667432615956
315.362618928382
252.792675530048
178.635479065379
97.7017802640608
14.6225348486366
-66.3673803415921
-141.546952495246
-207.742738657968
-262.305366199076
-303.062297213984
-328.280246747121
-336.664144844527
-327.407881525213
-300.297351674762
-255.851090305776
-195.470716312929
-121.564827432949
-37.6075753977519
51.9023775481112
141.605802994470
225.576848660501
297.734948129829
352.343362291122
384.546442344204
390.886490122017
369.737198243654
321.595070823450
249.182807316557
157.338081363515
52.6851702895608
-56.8875061704710
-162.896997909972
-257.016647021963
-331.830647309772
-381.512451968752
-402.354324309179
-393.091339874082
-354.986063920746
-291.667108732946
-208.742448007723
-113.233270868151
-12.8932098096332
84.5113273371602
171.882467688187
243.364396827299
294.755592534146
323.728006071341
329.845981555466
314.401773585252
280.104974578464
230.677450829572
170.411894241410
103.750343109710
34.9297036651731
-32.2738433873937
-94.6881237355085
-149.781367050716
-195.613540022867
-230.735950284936
-254.077506650501
-264.854046147051
-262.528685361620
-246.837778531915
-217.881086271033
-176.258898567833
-123.225819173180
-60.8229778098929
8.05092171063085
79.6636200337185
149.590191695018
212.975762870383
264.905865842391
300.851663350715
317.142156588267
311.406285404161
282.926200560225
232.849541602497
164.222730377717
81.8274227536965
-8.17420498137826
-98.7558171497998
-182.654464481288
-253.043670284985
-304.179119495618
-331.945692620161
-334.245125654060
-311.181676805689
-265.026533504094
-199.967298035279
-121.673464728980
-36.7292287013239
48.0012855058733
126.005827393584
191.685621607096
240.790932079107
270.692499439855
280.472316191739
270.839604021834
243.898128616393
202.806554486954
151.382575169937
93.7031991215529
33.7480409427738
-24.8790248427078
-79.1299339640627
-126.591215367513
-165.474237781382
-194.541969941237
-213.004429484146
-220.416083597183
-216.603611218030
-201.642661542496
-175.889320220109
-140.058169978053
-95.3264791440051
-43.4353033843627
13.2452895897050
71.7173068101343
128.444547755199
179.540484990915
221.048229542282
249.290415304334
261.252770957970
254.955386199821
229.761944658260
186.580385237778
127.918485517403
57.7736630768248
-18.6440708239434
-95.3361377329123
-166.047108373872
-224.849586001635
-266.718870228180
-288.032885751340
-286.939815347076
-263.550184227087
-219.930076338231
-159.895222769431
-88.6289481402984
-12.1674078947292
63.1894273370446
131.474893225564
187.595285628165
227.755141872029
249.726762278588
252.942805889352
238.412971350338
208.486940207476
166.503140683877
116.374284400077
62.1647084026684
7.71103898689006
-43.6726282080899
-89.3792334270556
-127.575203080536
-157.159091254222
-177.637919798315
-188.957074092384
-191.323647273043
-185.060427285449
-170.518903848006
-148.066285823031
-118.145807272551
-81.3941569425337
-38.7872396223779
8.22221862375595
57.6131252662194
106.783199423983
152.636305191599
191.775768376961
220.791865949465
236.614715091406
236.890184503020
220.328451131243
186.973896870243
138.351633628301
77.4594117433287
8.59232949248610
-62.9908566553311
-131.529851518176
-191.305411754414
-237.202220224020
-265.227205276680
-272.922177161535
-259.621361137076
-226.522635110301
-176.563645840436
-114.117522892663
-44.5445120374858
26.3473382908697
92.8694606386962
149.983379604353
193.736598105457
221.559503347366
232.398022125842
226.678239395932
206.120205397272
173.435863537528
131.958140094874
85.2533060823938
36.7663486765208
-10.4600552239533
-53.9666656464988
-91.9497376633608
-123.232148679287
-147.156616941068
-163.434335233352
-171.986653611237
-172.815300028236
-165.928564735459
-151.338333875120
-129.127954453651
-99.5761080101797
-63.3095947214688
-21.4502144040815
24.2809011969288
71.5336859410896
117.396248379986
158.566197006887
191.617071187005
213.334522204548
221.083519869960
213.159499802518
189.074454892949
149.734039097760
97.4733187119722
35.9354554637385
-30.2028375048353
-95.6353897057676
-154.919139509577
-203.001547987391
-235.723325935267
-250.238559035762
-245.303339422428
-221.399309258609
-180.678113130344
-126.734082942903
-64.2327576112928
1.56055756184908
65.2971733004480
122.047610977812
167.735414129977
199.457698095898
215.663694320744
216.181265415013
202.100485785507
175.540329911211
139.337087671976
96.6998070772495
50.8781947736813
4.88227411937914
-38.7181187315394
-77.9003635354818
-111.204366983160
-137.671919731192
-156.736417758487
-168.094882844757
-171.594195836102
-167.157977522463
-154.770635810449
-134.522442002025
-106.706215089934
-71.9444834370007
-31.3178151486680
13.5382249980611
60.3976714126806
106.492740655267
148.656763558986
183.557175011164
207.999218407732
219.267872944839
215.466343393620
195.805808313014
160.803779858984
112.357268486100
53.6709595793275
-10.9619732703125
-76.5102610415749
-137.652824937639
-189.278209459487
-226.980582134694
-247.496617435106
-249.033453320170
-231.450057903485
-196.271236825584
-146.532984881965
-86.4774397432963
-21.1328379199610
44.1735484629151
104.315025709142
154.823474825767
192.258446996770
214.452481937506
220.613936271753
211.286318885104
188.180039764501
153.906427081058
111.653167586320
64.8439820997469
16.8231718387734
-29.4017192863666
-71.3371728735771
-107.092330654793
-135.383895846756
-155.473791569984
-167.064182903780
-170.178081516265
-165.052533247401
-152.065745384874
-131.710504464061
-104.615417572347
-71.6046808087465
-33.7780177131659
7.41336728541073
50.1205222877474
92.1028319552687
130.801863392302
163.487943128778
187.472336405370
200.365968051786
200.355706520343
186.462933999761
158.747570631449
118.424382391291
67.8670193634679
10.4878302640124
-49.5034852300559
-107.443844006072
-158.630953642404
-198.764933470636
-224.369289286430
-233.143678242665
-224.207379880794
-198.204115983852
-157.254428573963
-104.759299846983
-45.0758770595660
16.8991318441209
76.1924669020818
128.213090293877
169.157579380396
196.320434711268
208.279956638123
204.945943845909
187.472229532002
158.052796115302
119.632878346064
75.5745148708317
29.3185430897791
-15.9180642564559
-57.3786813591657
-92.9181678624406
-121.062978340641
-140.987815698486
-152.427515679514
-155.550269862755
-150.821068469500
-138.882149970995
-120.470812726265
-96.3853680380513
-67.4989601731598
-34.8103251439018
0.487895922056033
36.9474938679163
72.8342179607739
106.148746710679
134.711072093008
156.309250979470
168.901471597147
170.849325630301
161.151910387540
139.646368414467
107.141546503981
65.4577082494020
17.3559657073717
-33.6450863765976
-83.5530377732736
-128.259046919208
-163.931230189399
-187.399834343126
-196.489106773754
-190.255809188465
-169.104669775977
-134.765414765386
-90.1324800351964
-38.9849001104242
14.3819587981564
65.5710613047435
110.498258876297
145.761381589883
168.925265717389
178.695462970877
174.967689936162
158.755379530516
132.011943043710
97.3757109147675
57.8726278558292
16.6139091674867
-23.4769845267936
-59.8808393347080
-90.6256118565041
-114.350345812394
-130.295917200568
-138.237796317174
-138.382210122499
-131.249419820304
-117.566201076255
-98.1845336759137
-74.0359817628511
-46.1226170948498
-15.5370695074800
16.5022577875975
48.6185387223571
79.2645616987181
106.746525981934
129.292660095372
145.167695599508
152.825438649729
151.083518980748
139.298177794674
117.513733417375
86.5617689150168
48.0892390471263
4.50218008348296
-41.1783731176419
-85.5405667403671
-125.067507982041
-156.457105063123
-176.942411005458
-184.576832456780
-178.450829680130
-158.813205208772
-127.080069950344
-85.7269335068422
-38.0726108135018
12.0238514310536
60.5218060159112
103.575140365194
137.885681674287
160.996223757277
171.492596572715
169.094901323507
154.631050766909
129.899465203787
97.4404622927721
60.2459520207734
21.4432510531775
-16.0095883477363
-49.5827239376351
-77.3609932764512
-98.1418340370365
-111.440983220850
-117.414691244497
-116.717888175856
-110.325270183416
-99.3456262988699
-84.8584937194250
-67.7966749319653
-48.8891665059564
-28.6680406866718
-7.53149682387876
14.1545741763826
35.9410354755735
57.1932310151816
77.0274056272125
94.3049857782508
107.694166037203
115.796520902114
117.324457557210
111.305145797146
97.2797976345476
75.4650334631581
46.8460985630834
13.1796387202657
-23.1044011744565
-59.0980654832527
-91.6898138800774
-117.887582594001
-135.151350142724
-141.692678664224
-136.701201431732
-120.466238661474
-94.3746186391143
-60.7816250777643
-22.7685896426508
16.1843367402634
52.5704059566493
83.2277067286284
105.664277239224
118.297784125557
120.582332906026
113.010237012547
96.9932399430004
74.6433916536846
48.4863225392674
21.1473179247891
-4.94761135433283
-27.8176541946020
-46.0915164926029
-59.0746338060658
-66.7185654022789
-69.5060842114510
-68.2770573517527
-64.0274967814029
-57.7161893892510
-50.1099493402206
-41.6904557410760
-32.6342328651724
-22.8644646457448
-12.1610614093281
-0.305634293030796
12.7677227695532
26.8458420966760
41.3600377399382
55.3774600037297
67.6666726414692
76.8314935419642
81.4955387439161
80.5108938231997
73.1593059317725
59.3140342033690
39.5350847222604
15.0793339214494
-12.1812623824977
-39.9272656528861
-65.6267867601181
-86.8097361094355
-101.347048392229
-107.699286086829
-105.102530296483
-93.6673281962271
-74.3775802011749
-48.9890768994050
-19.8401817187059
10.4018203486356
39.0273751799759
63.5693666659081
82.0519165163370
93.1746686077768
96.4128634893437
92.0247157218985
80.9695665296487
64.7513966071290
45.2111053602841
24.2963957199039
3.83953369267484
-14.6293826000883
-30.0122236750656
-41.7031196061322
-49.5768483043010
-53.9130301125750
-55.2724694969348
-54.3479929616993
-51.8147463938797
-48.2038450103271
-43.8187389148897
-38.7063686763891
-32.6862180378447
-25.4310326801044
-16.5846205104653
-5.89599680833820
6.65390437938917
20.7561896261594
35.7277801042929
50.5270373974399
63.8341349967293
74.1891741080163
80.1718141598291
80.5989830979066
74.7131511458120
62.3333792790898
43.9450528528746
20.7114859744821
-5.59947895088225
-32.7694628553020
-58.3486187133252
-79.9149047900596
-95.3424219243350
-103.045444827533
-102.166990782644
-92.6872171886153
-75.4368179650047
-52.0126002981547
-24.6049517069105
4.24175696302650
31.9062064981109
55.9703410820808
74.4684508480229
86.0753664658290
90.2125008750148
87.0617100015247
77.4893335115059
62.8945705736933
45.0058926017144
25.6551799428721
6.56090521617787
-10.8511735954921
-25.5681889429531
-37.0393187230347
-45.1531478605614
-50.1532773143290
-52.5111131464696
-52.7804341112452
-51.4599802826190
-48.8877565603060
-45.1844778593551
-40.2546391707669
-33.8435183704890
-25.6386356430938
-15.3963507710661
-3.06961716638937
11.0878322440728
26.4622907993319
42.0804548085240
56.6746148004463
68.8075156975248
77.0419004171658
80.1319842324699
77.2096253047724
67.9374794033643
52.6050733024937
32.1510055990316
8.10435105483721
-17.5506116898604
-42.5715961984284
-64.6939762374034
-81.8759460958894
-92.5226121016108
-95.6610249396207
-91.0445009470811
-79.1737764148039
-61.2332944073108
-38.9517456110165
-14.4053999222394
10.2104725194287
32.8135334393809
51.6416939748660
65.4120941017768
73.4152286187940
75.5368010753518
72.2095727357985
64.3064123637639
52.9927578291522
39.5608943371919
25.2693777705688
11.2085948098473
-1.79168519945692
-13.2040151798303
-22.7934726055875
-30.5633131809925
-36.6693731241935
-41.3206222662202
-44.6846073196352
-46.8149678136821
-47.6140428830993
-46.8374677457709
-44.1405071532603
-39.1587521187103
-31.6097706292198
-21.3982540106290
-8.70576124640748
5.95240811629465
21.7165311833062
37.4249479877368
51.7090201425604
63.1319154232810
70.3554764409990
72.3142325473502
68.3731216952225
58.4461639779307
43.0572087231706
23.3305584698055
0.907951346735473
-22.2020501312257
-43.8270317064837
-61.8632916371279
-74.5104190793430
-80.4789791829061
-79.1448427457522
-70.6297096708367
-55.7962497862917
-36.1569060574194
-13.7063876385850
9.30224827695959
30.6106210663086
48.2059583289517
60.5389333979066
66.6817243256910
66.4074992229943
60.1829425281106
49.0769490638828
34.5996398159576
18.4948620563964
2.51506900465462
-11.7908670316022
-23.2489865258493
-31.1693218603193
-35.3807774834043
-36.1908543853521
-34.2801759327298
-30.5510099146426
-25.9551946025011
-21.3291689701495
-17.2618716960632
-14.0154388630970
-11.5098126952353
-9.37193957711710
-7.03979486313620
-3.90263359947002
0.547006748397563
6.57602452850798
14.1124764572226
22.7045379354062
31.5459465835200
39.5666245609584
45.5766838913724
48.4432039221215
47.2733994389600
41.5759820136728
31.3749693373552
17.2565865714420
0.339304773318878
-17.8319055612385
-35.4549891007774
-50.6823559786485
-61.8466308799886
-67.6702135053226
-67.4301268211853
-61.0555368429552
-49.1444219971822
-32.8968405819186
-13.9735230617045
5.70149271196344
24.1681502561298
39.6579027368195
50.7922592465811
56.7275649769299
57.2289458885879
52.6661982849544
43.9349749069409
32.3164340833968
19.2962458731247
6.36848745004534
-5.14903221930212
-14.2641212917519
-20.4061375720936
-23.4584777687187
-23.7267267127697
-21.8504718843312
-18.6742444269864
-15.0980808983050
-11.9302008823547
-9.76309202961152
-8.89015872321276
-9.27368798505691
-10.5671692038842
-12.1870752751408
-13.4221707193549
-13.5632054626506
-12.0331565119444
-8.49831397694945
-2.94340479245074
4.30083085673711
12.5823912305731
21.0024302210411
28.5296121274753
34.1389466641362
36.9560267441713
36.3865708141454
32.2128939966941
24.6431777533302
14.3056200336006
2.18690620406627
-10.4780341136235
-22.3513390177256
-32.1540242449306
-38.8232357691613
-41.6442150779010
-40.3393772954503
-35.1024527427351
-26.5728925877550
-15.7537229303117
-3.88366406621043
7.71944439531972
17.8229385636596
25.4293082139343
29.8918148912340
30.9805187131189
28.8904643398284
24.1919597914408
17.7311053123682
10.4958043898893
3.46737145465706
-2.52020095270639
-6.89256088030126
-9.40255567449893
-10.1435722066029
-9.50755937696159
-8.09521623036617
-6.59332793294402
-5.63947947840248
-5.69652704970559
-6.95787237481983
-9.29990912471437
-12.2906562648347
-15.2546560001217
-17.3850597755805
-17.8858867084502
-16.1219913101684
-11.7522397026706
-4.82317405593919
4.19413387453959
14.4330270335254
24.7250069807554
33.7471288800857
40.2031525246812
43.0125998162788
41.4796943337092
35.4161900842312
25.1981226393828
11.7457080406433
-3.57335524273415
-19.1056901075362
-33.1179060919371
-44.0180994666629
-50.5624064365128
-52.0175595344177
-48.2564025818541
-39.7727395553569
-27.6133496012477
-13.2368044561621
1.68087087224341
15.4661867591712
26.6628887286473
34.2115262273765
37.5694834074399
36.7560030494088
32.3178216771561
25.2226050076376
16.6977067955112
8.03935297025793
0.421089069208704
-5.27027597814336
-8.54778383866680
-9.37123877962373
-8.12296204356783
-5.51827672892076
-2.46636115407901
0.0956778241913845
1.36902078843119
0.833569972324237
-1.65912163725665
-5.85458945553039
-11.1304373303005
-16.5919736661248
-21.2137161974406
-24.0050830046072
-24.1749879452736
-21.2702397187051
-15.2665270424039
-6.59774043045407
3.88162066391822
14.9965064415835
25.4003941870998
33.7529178085140
38.9015099518800
40.0419231020727
36.8354116749381
29.4663214984364
18.6319716594840
5.46587131299006
-8.59577727201801
-21.9868817658813
-33.2011335537678
-40.9741416892006
-44.4348920281522
-43.2076820825576
-37.4523440831227
-27.8386772293594
-15.4594710503619
-1.69420568454285
11.9585179325283
24.0582610704870
33.3875331636047
39.0840761668075
40.7253470726478
38.3564289480590
32.4600679219539
23.8749493524187
13.6747338895811
3.02496870823474
-6.96278156084217
-15.3606097889387
-21.5216333433265
-25.1338575072495
-26.2256192845997
-25.1244699618676
-22.3777023747942
-18.6477944893075
-14.5991494094163
-10.7932578379767
-7.60771155881869
-5.19061156792965
-3.45640152754001
-2.12280468656447
-0.782260744227776
1.00404472732981
3.60501558043702
7.22806444596403
11.8525978944459
17.2004581482248
22.7497577664539
27.7919963973758
31.5256533864245
33.1735931856528
32.1074873843062
27.9607004281942
20.7120250689045
10.7262199469709
-1.25695937178039
-14.1864164254075
-26.8097240985188
-37.8163397486867
-45.9957592417093
-50.3897021758251
-50.4176830670268
-45.9585047822524
-37.3759026687474
-25.4839930024923
-11.4562999916015
3.31019675164682
17.3584296588064
29.3407586877525
38.1726156079337
43.1505602227268
44.0200526908126
40.9852581447365
34.6611909536091
25.9763295190413
16.0403758964306
5.99618261212439
-3.12356322989283
-10.5156933168455
-15.6868201936108
-18.4854974943008
-19.0844910552822
-17.9186214476449
-15.5898494767052
-12.7555653155037
-10.0178286059526
-7.83039532965240
-6.43696771648544
-5.84879192544096
-5.86335236472676
-6.11945779491562
-6.17845734905748
-5.61748145861232
-4.11901457599070
-1.54196429677070
2.03748494493087
6.32207118267605
10.8276857775807
14.9506676744566
18.0580508793029
19.5870737291272
19.1387497704572
16.5510619189941
11.9402369104783
5.70314118355977
-1.52056864447281
-8.92212151499410
-15.6235622577087
-20.7905697923886
-23.7428790921805
-24.0472322654399
-21.5800703163137
-16.5512048998984
-9.48491132830355
-1.16054348567972
7.47987751399338
15.4453169992355
21.8160885748975
25.8555654035070
27.0990682558730
25.4087749794946
20.9879301772929
14.3528934993247
6.26696109564228
-2.35526932024717
-10.5605595666076
-17.4722624358646
-22.3935206654319
-24.8855643031221
-24.8116134166852
-22.3414645263212
-17.9170075177088
-12.1840115297872
-5.89987028335306
0.169958348811084
5.35274617184421
9.15299624041815
11.3094879096114
11.8175665592402
10.9142343635046
9.02879019112693
6.70658771327826
4.51726394822019
2.96100025355931
2.38668655275595
2.93419781666427
4.50956428007305
6.79708121349833
9.30701327958327
11.4522638364736
12.6429651229964
12.3850586374291
10.3680294071492
6.52821052208714
1.07735279336449
-5.50897321831807
-12.5427860032787
-19.2086782010781
-24.6710408029038
-28.1886323128439
-29.2201485781899
-27.5053680737560
-23.1096524671319
-16.4246480098796
-8.12424760949957
0.918662524563411
9.74338878936184
17.4250799825775
23.1934082847472
26.5294329705140
27.2268795289078
25.4092163525365
21.5003815311452
16.1538454577852
10.1508647060708
4.28335016862389
-0.760968809288916
-4.49381545321004
-6.68784614803666
-7.39534420338192
-6.92176107745111
-5.75876337654961
-4.48778215742933
-3.66972865480700
-3.73880013140439
-4.91777769141216
-7.16896691592971
-10.1894267291118
-13.4522003457576
-16.2879625436526
-17.9949568844285
-17.9603379505151
-15.7738177325412
-11.3152204584438
-4.80111091921857
3.21842591027111
11.9143801717260
20.2785387315853
27.2551045390588
31.8858652704999
33.4480971684332
31.5649800255555
26.2718906932500
18.0280313046270
7.67055478607827
-3.68345070242128
-14.7742672683528
-24.3576119806946
-31.3618947185156
-35.0231570167985
-34.9793128245399
-31.3110624449903
-24.5243749382700
-15.4776332003379
-5.26421965453676
4.93261646644290
13.9921856388939
20.9950374618747
25.3292522567497
26.7507288569647
25.3907316016846
21.7116623827008
16.4194145107716
10.3466716370888
4.32528457683109
-0.933118404975272
-4.93095411427951
-7.43994944446657
-8.51103396866831
-8.43910344512360
-7.68977394331878
-6.80091914498325
-6.27542426918902
-6.48268329642407
-7.58478052612740
-9.49930063332276
-11.9049253384865
-14.2892802337377
-16.0318990946993
-16.5096590766744
-15.2084255652873
-11.8234623535886
-6.33258362131348
0.970160550190053
9.48682135798827
18.3738009278470
26.6391895738277
33.2665729000734
37.3486541285039
38.2123365879387
35.5177926974680
29.3173871639947
20.0656544201089
8.57810630647242
-4.05645218745938
-16.5991516664685
-27.8041101630799
-36.5629577247498
-42.0323461003344
-43.7283091459672
-41.5758387862161
-35.9080501270244
-27.4159912677148
-17.0565905370510
-5.93155477436707
4.84646833458186
14.2829168582338
21.6091396300081
26.3559700110022
28.3850204388463
27.8756457933481
25.2716087960098
21.1968306474583
16.3534987158101
11.4177217028903
6.94764791000188
3.31658266966428
0.679540382591864
-1.02353458743569
-2.03017900082090
-2.69082105829672
-3.38843049182619
-4.45578491604102
-6.10383911380707
-8.37277476988692
-11.1136778080081
-14.0039844224106
-16.5945686479494
-18.3813924961185
-18.8907360173029
-17.7647487585084
-14.8337599642720
-10.1635108411201
-4.06899155260770
2.90862069570935
10.0600090449009
16.5936006297948
21.7378489411056
24.8457736714740
25.4869131229480
23.5132721375822
19.0892338836562
12.6802886080815
5.00113719187027
-3.07055376786231
-10.6035534287915
-16.7310338631251
-20.7611329943623
-22.2650041024148
-21.1302442642853
-17.5723294776840
-12.1024932785815
-5.45654762307969
1.50540500893581
7.91436486618248
13.0068601828277
16.2225519330890
17.2716535497896
16.1632029499265
13.1909057526371
8.87940490645210
3.89952702824798
-1.03452623773297
-5.27058426549222
-8.31086218919544
-9.87775250870327
-9.94368965383222
-8.72126322121743
-6.61585537168233
-4.14881721683512
-1.86370622527746
-0.230691061019619
0.435511535386654
0.0309232720765704
-1.31824258558674
-3.27539252314513
-5.34985132595772
-6.98103363546662
-7.63731463702895
-6.91386350032246
-4.61355852415775
-0.797429851161014
4.20445147738178
9.82475968868181
15.3299462151819
19.9209424110952
22.8491644784786
23.5307610225091
21.6418931623676
17.1802826111945
10.4829659126505
2.19646894077910
-6.79746276893335
-15.4909064976871
-22.8787346289990
-28.0896432105102
-30.5009310170172
-29.8209572938736
-26.1277752222173
-19.8586625075691
-11.7522269175622
-2.75142650649331
6.11876229953757
13.8819454687237
19.7312519169531
23.1244250414833
23.8408984030299
21.9943545286615
18.0007065933061
12.5076948219449
6.29744227032958
0.176647319557044
-5.12982419636184
-9.06742251767958
-11.3112360356373
-11.7896797380886
-10.6715480944123
-8.32075968042963
-5.22752108813910
-1.92749812408742
1.07844410250081
3.39232543559530
4.76597977064118
5.12165004155954
4.54539200529837
3.25657832969849
1.56014413208423
-0.209696242303615
-1.74493869184461
-2.81005011373395
-3.27268538243209
-3.11547248112439
-2.42868950305553
-1.38662564366419
-0.212695350736331
0.860340272611906
1.62851358808098
1.94747789025437
1.75200425476024
1.06224178283211
-0.0229814741177289
-1.34364193905671
-2.70327236789924
-3.89682955109481
-4.73760414980666
-5.07978144425642
-4.83434677321817
-3.97727389106653
-2.55010352843490
-0.653929927565906
1.56163778370055
3.91279770734477
6.19755153889048
8.21208455540075
9.76660356851142
10.6999961481030
10.8928118057098
10.2780388724722
8.84900929667361
6.66360375766196
3.84386619446730
0.570270560679310
-2.92973088114149
-6.39861850644001
-9.57012295956566
-12.1930791869424
-14.0552759585722
-15.0044037774327
-14.9632867217000
-13.9371540026860
-12.0117190820377
-9.34214764677850
-6.13439547647724
-2.62163070770940
0.960719812357517
4.39752548451466
7.51076995009533
10.1683576165104
12.2841565402302
13.8102367482086
14.7238389528952
15.0127299877144
14.6630171113188
13.6530743990067
11.9560070571587
9.55123123589316
6.44360169184877
2.68648495992991
-1.59632965148128
-6.19561402260062
-10.8138465170095
-15.0782057989310
-18.5705953443513
-20.8728260375366
-21.6219897552477
-20.5684834823683
-17.6276051817543
-12.9155109157657
-6.76175093569489
0.306515973150860
7.60956063971960
14.3858230965359
19.8805110653638
23.4408292543331
24.6047409552827
23.1702032364661
19.2338719061021
13.1921262175010
5.70240049274479
-2.39151221040189
-10.1611581987046
-16.7088905302750
-21.2815044768795
-23.3663227198313
-22.7562190423060
-19.5743129625318
-14.2547389856557
-7.48215381162556
-0.0985530893676384
7.00936751845910
13.0263609710574
17.3119903939455
19.4769620319331
19.4223255964123
17.3370160944340
13.6553726728852
8.98207724647699
3.99653769292673
-0.648572678640001
-4.41948361140236
-6.97092129439695
-8.18363825179396
-8.16550380067030
-7.21740007264233
-5.77043330985561
-4.30509394870876
-3.26539564358079
-2.98138863794335
-3.61179116493739
-5.11513243980637
-7.25331392719489
-9.62658046723662
-11.7342906244478
-13.0522463312565
-13.1151695175070
-11.5924433396713
-8.34645245318681
-3.46550332374035
2.73306278179661
9.72988827572760
16.8571524722036
23.3717946845608
28.5393073660974
31.7180076162730
32.4339750933928
30.4382594126630
25.7402479807415
18.6139083189303
9.57661835531776
-0.656858714308582
-11.2402831157265
-21.2749627694368
-29.8940557150992
-36.3440020551018
-40.0553546847957
-40.6963514117106
-38.2041949559021
-32.7910535493772
-24.9241144161655
-15.2814450887790
-4.68775210780886
5.96383406723354
15.7962858633402
24.0310210857293
30.0595785392118
33.4970782484487
34.2117444150259
32.3273442722198
28.1984597980496
22.3617077853517
15.4689488391934
8.21077058262133
1.23975185876523
-4.89700614618933
-9.80790919828729
-13.2837519420843
-15.2990378276160
-15.9889774998157
-15.6068801996887
-14.4694100886805
-12.8987793540981
-11.1711236136105
-9.47900719817760
-7.91343087638208
-6.46727296258808
-5.05835110137703
-3.56687422839603
-1.87954833427983
0.0685517643975858
2.26281074833865
4.59512179179833
6.87052351916112
8.83396614826251
10.2129155470747
10.7683493813360
10.3448055920618
8.90988563983029
6.57508967524079
3.59286036404735
0.328752673081501
-2.78795416748417
-5.32789609068550
-6.92934588899333
-7.35865586368592
-6.55280513591497
-4.63605350316399
-1.90680206148230
1.20432312904300
4.19923813023923
6.59003530829252
7.97701858104792
8.11423695681927
6.95135343588283
4.64436333761621
1.53271298173427
-1.91405717158799
-5.17184531112725
-7.74750635258216
-9.26024519615529
-9.50519332822062
-8.48820975461742
-6.42557889856056
-3.70806399066371
-0.834761845726134
1.67260940496631
3.36085902440218
3.92658168082177
3.27354295794361
1.53591552776349
-0.937424958153128
-3.63595149327813
-5.97005422429567
-7.37023546631582
-7.38700877897089
-5.77509998687439
-2.54773164679422
2.00870448859961
7.36312779371803
12.8081339616768
17.5586031221504
20.8659925600055
22.1310882690709
20.9980029948600
17.4149064612891
11.6519328110422
4.27315068350966
-3.93360709506042
-12.0589511121091
-19.1913478820301
-24.5364659396119
-27.5193818587297
-27.8553371407342
-25.5796010520362
-21.0331743338251
-14.8075937257681
-7.65796652294337
-0.397703855060627
6.20938317199587
11.5441750171612
15.2015855598000
17.0255646111590
17.1066275433613
15.7444726767963
13.3833059890204
10.5311753177643
7.67642285467751
5.21410399991332
3.39302555434403
2.29034904996237
1.81611910635481
1.74534937956438
1.77115348319374
1.56944539679568
0.864345318268407
-0.516251955834354
-2.60358609805638
-5.27493051272610
-8.26616400443009
-11.2077610432034
-13.6784873906899
-15.2685871051165
-15.6430230297222
-14.5955043102546
-12.0855157754931
-8.25309065954364
-3.40924511884322
1.99664229557551
7.42813339987409
12.3249288838798
16.1697285676804
18.5501872064399
19.2081810198973
18.0703525549065
15.2563681561071
11.0641702842569
5.93437130865776
0.398464036259933
-4.98258210727000
-9.68172590289695
-13.2635595830349
-15.4294763216127
-16.0451540600279
-15.1475146984361
-12.9309458696453