1525
1499
1479
1456
1450
1441
1454
1492
1522
1566
1599
1664
1698
1738
1753
1732
1690
1634
1563
1466
1372
1269
1193
1123
1078
1066
1088
1128
1225
1331
1446
1578
1674
1805
1889
1955
1974
1951
1933
1878
1788
1691
1592
1485
1387
1300
1230
1184
1106
1074
1086
1107
1160
1240
1318
1438
1564
1689
1814
1921
2010
2085
2113
2114
2032
1917
1774
1596
1406
1196
992
837
700
650
633
741
811
973
1197
1439
1690
1922
2126
2313
2427
2486
2465
2394
2271
2093
1890
1654
1411
1191
958
823
713
606
601
636
714
821
968
1143
1349
1570
1784
1997
2158
2322
2404
2449
2417
2333
2202
1992
1797
1489
1220
966
742
586
488
462
513
633
822
1060
1333
1609
1871
2121
2325
2463
2526
2508
2425
2297
2110
1895
1643
1383
1172
967
794
677
602
580
630
683
793
950
1123
1335
1552
1767
1980
2150
2315
2423
2487
2486
2414
2298
2123
1911
1656
1389
1128
890
702
576
499
492
548
692
893
1130
1397
1651
1912
2120
2294
2400
2430
2407
2300
2176
2001
1783
1564
1355
1162
982
865
774
722
733
775
858
988
1112
1281
1469
1654
1841
1999
2146
2265
2345
2368
2334
2265
2134
1940
1759
1538
1291
1070
871
727
605
546
560
652
788
964
1194
1422
1658
1876
2068
2229
2308
2332
2320
2274
2147
1995
1812
1632
1451
1279
1132
1007
911
866
851
878
931
1020
1137
1286
1430
1604
1832
1915
2025
2142
2216
2240
2225
2154
2053
1886
1701
1485
1258
1072
900
771
688
649
692
786
929
1104
1311
1531
1748
1950
2111
2240
2305
2329
2288
2211
2094
1935
1761
1568
1407
1257
1122
998
930
877
870
894
949
1030
1127
1285
1422
1580
1742
1890
2013
2124
2176
2201
2163
2101
1978
1834
1659
1468
1301
1091
980
879
809
821
865
964
1117
1261
1439
1632
1813
1969
2076
2163
2199
2195
2133
2045
1913
1765
1622
1478
1330
1188
1075
1005
950
927
940
955
1020
1119
1232
1370
1463
1633
1775
1933
2020
2094
2072
2156
2108
2027
1920
1778
1618
1453
1290
1153
1034
946
921
933
975
1061
1174
1322
1468
1616
1764
1885
1961
2013
2033
2004
1947
1873
1783
1715
1563
1445
1342
1236
1164
1126
1072
1060
1065
1110
1162
1242
1353
1458
1574
1697
1812
1921
1995
2050
2085
2079
2028
1942
1827
1686
1567
1405
1270
1138
1017
964
958
966
1011
1108
1233
1372
1507
1640
1727
1822
1899
1942
1950
1939
1879
1813
1741
1658
1582
1479
1399
1329
1274
1222
1209
1189
1226
1234
1293
1350
1413
1492
1590
1689
1771
1840
1915
1924
1940
1921
1868
1801
1682
1615
1456
1336
1224
1130
1072
1039
1043
1097
1148
1239
1355
1468
1583
1694
1769
1863
1917
1924
1920
1889
1841
1785
1712
1638
1557
1474
1425
1351
1304
1259
1235
1228
1236
1151
1303
1349
1405
1478
1560
1635
1707
1765
1804
1837
1840
1826
1777
1707
1636
1539
1449
1349
1256
1205
1170
1163
1197
1216
1286
1322
1462
1573
1677
1735
1797
1843
1860
1859
1855
1796
1747
1684
1615
1536
1464
1414
1353
1313
1298
1249
1231
1241
1258
1285
1329
1370
1433
1514
1587
1671
1725
1768
1817
1836
1837
1797
1758
1666
1610
1514
1450
1361
1294
1265
1225
1236
1243
1294
1356
1434
1468
1559
1635
1685
1740
1748
1761
1740
1705
1677
1620
1575
1525
1465
1430
1395
1362
1342
1324
1324
1331
1415
1380
1409
1450
1495
1558
1643
1664
1709
1748
1788
1811
1801
1775
1731
1682
1603
1539
1459
1365
1321
1269
1262
1240
1245
1296
1358
1393
1458
1526
1585
1635
1687
1706
1718
1684
1683
1674
1635
1600
1560
1514
1501
1452
1443
1420
1392
1389
1401
1420
1414
1437
1453
1498
1534
1588
1627
1650
1681
1714
1729
1732
1708
1672
1628
1560
1507
1435
1362
1303
1255
1239
1239
1253
1283
1338
1427
1484
1549
1604
1676
1706
1743
1767
1766
1740
1713
1675
1624
1578
1557
1510
1472
1430
1406
1381
1384
1370
1377
1388
1399
1419
1461
1490
1550
1593
1621
1656
1693
1709
1714
1685
1670
1637
1590
1535
1468
1407
1358
1313
1287
1289
1295
1325
1380
1439
1521
1576
1643
1698
1753
1769
1787
1780
1740
1717
1678
1626
1569
1530
1464
1429
1380
1375
1348
1471
1353
1359
1379
1402
1429
1461
1505
1541
1580
1630
1660
1697
1713
1722
1734
1709
1677
1644
1594
1545
1482
1437
1396
1359
1349
1349
1364
1410
1441
1501
1558
1619
1656
1701
1732
1732
1720
1701
1675
1637
1545
1517
1547
1445
1412
1387
1365
1342
1345
1369
1370
1394
1409
1438
1476
1525
1564
1596
1636
1669
1706
1723
1742
1744
1709
1705
1657
1601
1564
1485
1443
1398
1357
1333
1312
1318
1347
1386
1419
1463
1512
1558
1600
1639
1649
1657
1643
1616
1600
1578
1546
1489
1470
1443
1423
1404
1391
1335
1402
1419
1434
1458
1477
1517
1556
1574
1612
1622
1650
1697
1696
1711
1706
1674
1658
1614
1581
1528
1452
1400
1359
1325
1286
1273
1276
1296
1335
1382
1442
1481
1541
1604
1583
1683
1680
1676
1683
1651
1683
1599
1560
1531
1497
1482
1472
1428
1427
1426
1446
1453
1471
1469
1482
1509
1518
1561
1559
1587
1607
1612
1619
1616
1595
1577
1559
1519
1493
1463
1403
1379
1352
1347
1340
1329
1370
1413
1453
1514
1566
1607
1652
1695
1719
1725
1716
1685
1670
1640
1603
1556
1529
1492
1465
1441
1408
1408
1389
1398
1403
1407
1440
1430
1461
1482
1510
1523
1540
1574
1594
1607
1601
1595
1596
1577
1565
1544
1499
1473
1445
1426
1403
1386
1389
1411
1438
1475
1509
1541
1572
1625
1635
1637
1669
1635
1632
1607
1543
1542
1493
1466
1444
1419
1292
1393
1376
1390
1395
1392
1424
1426
1447
1456
1492
1509
1524
1533
1571
1572
1596
1606
1612
1629
1604
1601
1578
1546
1530
1489
1467
1466
1411
1456
1421
1430
1445
1464
1476
1509
1537
1554
1564
1574
1578
1577
1559
1541
1527
1491
1480
1463
1444
1441
1431
1426
1428
1446
1446
1456
1473
1476
1504
1517
1522
1535
1553
1581
1582
1621
1628
1630
1613
1624
1634
1598
1561
1526
1492
1449
1425
1414
1389
1387
1385
1397
1415
1427
1447
1485
1511
1539
1554
1561
1566
1574
1565
1550
1531
1529
1520
1508
1583
1484
1487
1495
1508
1501
1509
1498
1502
1505
1514
1519
1511
1518
1541
1548
1562
1561
1557
1562
1547
1551
1597
1494
1484
1467
1448
1425
1400
1387
1386
1393
1392
1420
1435
1457
1508
1537
1564
1580
1591
1491
1605
1614
1606
1581
1581
1553
1545
1516
1506
1491
1494
1489
1495
1479
1475
1469
1488
1480
1484
1470
1476
1490
1494
1504
1515
1515
1527
1526
1551
1538
1517
1509
1483
1481
1492
1451
1437
1452
1448
1463
1490
1486
1511
1537
1560
1573
1583
1587
1593
1593
1579
1605
1538
1526
1497
1490
1472
1462
1447
1442
1457
1446
1456
1437
1456
1466
1457
1471
1470
1496
1497
1504
1509
1518
1523
1547
1508
1578
1595
1564
1564
1545
1534
1533
1513
1496
1484
1495
1490
1481
1493
1482
1512
1519
1532
1534
1533
1597
1535
1517
1516
1495
1487
1503
1461
1467
1436
1449
1442
1457
1455
1469
1465
1471
1484
1478
1498
1509
1488
1526
1525
1535
1553
1561
1572
1587
1601
1588
1584
1583
1574
1561
1530
1522
1492
1480
1478
1461
1480
1463
1441
1429
1448
1477
1487
1486
1498
1495
1504
1501
1474
1483
1471
1475
1464
1477
1462
1494
1485
1499
1506
1513
1513
1528
1530
1536
1540
1517
1537
1544
1549
1549
1540
1541
1556
1546
1554
1538
1526
1514
1501
1477
1454
1445
1422
1415
1408
1414
1417
1419
1446
1449
1475
1504
1506
1521
1531
1547
1543
1541
1537
1539
1557
1540
1533
1538
1535
1542
1546
1554
1539
1546
1531
1531
1520
1517
1487
1492
1481
1498
1490
1486
1493
1500
1507
1513
1495
1495
1499
1486
1491
1480
1463
1453
1464
1456
1442
1473
1483
1499
1527
1543
1655
1576
1593
1594
1600
1610
1588
1579
1569
1513
1517
1519
1520
1487
1492
1496
1493
1470
1466
1464
1463
1458
1441
1436
1436
1445
1447
1455
1437
1456
1491
1515
1516
1525
1528
1541
1538
1559
1546
1521
1517
1518
1505
1509
1511
1515
1523
1544
1556
1564
1565
1565
1589
1556
1564
1544
1572
1543
1497
1468
1480
1465
1456
1446
1445
1447
1447
1444
1456
1457
1432
1462
1458
1484
1486
1501
1509
1511
1528
1553
1566
1574
1583
1591
1598
1601
1597
1586
1581
1560
1551
1548
1535
1517
1509
1510
1518
1521
1463
1519
1493
1511
1518
1513
1504
1510
1471
1468
1470
1447
1453
1451
1461
1470
1471
1479
1482
1496
1505
1518
1521
1519
1537
1542
1557
1560
1554
1569
1583
1586
1593
1597
1609
1589
1598
1593
1572
1555
1542
1533
1525
1495
1481
1467
1467
1469
1469
1477
1463
1470
1480
1479
1494
1475
1479
1478
1483
1489
1486
1480
1493
1504
1511
1519
1522
1535
1545
1552
1594
1567
1600
1584
1593
1576
1575
1537
1552
1547
1557
1556
1546
1541
1536
1518
1512
1504
1486
1475
1456
1455
1438
1438
1446
1441
1418
1454
1461
1470
1488
1498
1508
1534
1521
1528
1552
1559
1553
1550
1560
1564
1566
1567
1572
1573
1575
1575
1586
1572
1544
1571
1551
1522
1507
1493
1475
1470
1472
1468
1473
1461
1468
1466
1448
1476
1454
1471
1463
1451
1460
1466
1471
1449
1486
1415
1504
1533
1534
1561
1572
1582
1594
1592
1598
1600
1596
1587
1581
1570
1565
1565
1550
1547
1531
1512
1518
1509
1495
1483
1461
1438
1464
1447
1488
1457
1447
1464
1475
1487
1500
1507
1516
1526
1532
1547
1546
1547
1557
1548
1546
1551
1548
1552
1557
1554
1572
1560
1572
1577
1581
1576
1573
1553
1554
1549
1541
1515
1499
1479
1432
1466
1481
1457
1466
1473
1457
1454
1459
1451
1457
1473
1480
1491
1498
1500
1513
1535
1548
1562
1565
1574
1542
1568
1583
1549
1549
1569
1555
1557
1538
1530
1533
1626
1528
1515
1515
1541
1533
1552
1507
1505
1506
1505
1538
1486
1478
1449
1458
1465
1462
1466
1470
1465
1484
1498
1506
1520
1509
1538
1546
1550
1564
1567
1567
1576
1580
1596
1590
1594
1584
1589
1623
1600
1464
1552
1547
1549
1518
1502
1483
1476
1470
1473
1462
1450
1453
1454
1469
1481
1463
1467
1476
1482
1480
1487
1490
1488
1505
1512
1523
1529
1535
1539
1557
1570
1578
1576
1582
1580
1581
1587
1574
1572
1562
1541
1553
1548
1514
1519
1527
1511
1497
1490
1468
1466
1456
1453
1433
1430
1438
1423
1438
1462
1459
1478
1499
1509
1527
1537
1553
1553
1574
1565
1596
1566
1561
1571
1564
1568
1566
1550
1532
1566
1534
1551
1537
1538
1537
1530
1523
1513
1501
1492
1491
1478
1474
1465
1462
1465
1459
1460
1497
1461
1450
1450
1465
1464
1476
1485
1488
1504
1527
1529
1544
1567
1578
1545
1571
1586
1532
1593
1576
1571
1556
1550
1539
1533
1508
1503
1486
1482
1482
1473
1473
1459
1465
1468
1468
1471
1454
1466
1467
1501
1483
1481
1486
1477
1492
1497
1501
1499
1497
1509
1517
1524
1525
1524
1526
1531
1576
1574
1570
1574
1595
1596
1571
1578
1587
1582
1568
1573
1529
1498
1490
1494
1468
1459
1409
1445
1451
1451
1445
1453
1453
1452
1465
1484
1495
1491
1498
1513
1522
1529
1530
1531
1539
1556
1546
1568
1562
1559
1566
1572
1569
1577
1502
1560
1513
1566
1566
1547
1548
1563
1552
1549
1530
1521
1518
1507
1495
1484
1462
1448
1445
1442
1433
1425
1421
1431
1444
1458
1467
1478
1497
1496
1516
1553
1552
1556
1573
1567
1599
1604
1581
1584
1600
1621
1602
1585
1557
1559
1551
1537
1526
1502
1501
1482
1495
1486
1471
1471
1473
1474
1485
1479
1480
1469
1481
1479
1482
1479
1464
1473
1475
1502
1517
1495
1511
1528
1541
1560
1546
1564
1580
1563
1589
1601
1609
1613
1608
1597
1589
1576
1569
1564
1552
1538
1517
1484
1498
1489
1470
1460