9.48787366070335
9.47700464813105
9.20421208870025
8.65053286157959
7.74418852254907
6.38992136704640
4.51382180036268
2.11411606723193
-0.694293096642815
-3.65415569943011
-6.36952279365152
-8.34453521565044
-9.05670635416308
-8.05676943705177
-5.08034785773905
-0.151706330968931
6.34219059421664
13.6273953584333
20.5829647990952
25.8507196029504
28.0090127023643
25.7928575518219
18.3321936162866
5.37272673739796
-12.5587336837260
-34.0792434112230
-56.9906035019292
-78.4474389455095
-95.2460090573190
-104.208473215496
-102.620229226785
-88.6652803002788
-61.7986722851031
-22.9973543792127
25.1582731710882
78.6012179113818
132.097937863083
179.749381026361
215.624828911201
234.459000818321
232.329436859046
207.227974916262
159.448182593021
91.7293951485596
9.12552772434771
-81.4002313001307
-171.619558648667
-252.855754509937
-316.883438318024
-356.808786478124
-367.827890556243
-347.773729380079
-297.386615142114
-220.275736066373
-122.576354956457
-12.3435183706659
101.245961841522
208.789993443667
301.553531531680
372.257958295141
415.684993925329
429.038863845431
412.042864404277
366.780458735972
297.321870567031
209.200654598020
108.817889229220
2.85302307798832
-102.249653763685
-200.669412937266
-287.448332678152
-358.584562245932
-411.007298056965
-442.479045226809
-451.479166008352
-437.120427405642
-399.137754224879
-337.967868638764
-254.913517874151
-152.360942394225
-33.9986375480222
95.0267522334383
228.082688668246
357.205445406100
473.469392221027
567.572379392270
630.603961294760
654.929399130829
635.094883757539
568.642897302048
456.724396935468
304.407951913084
120.614294130521
-82.3550179243550
-289.678767992639
-485.202566165530
-652.842964237828
-778.069573774700
-849.309443573809
-859.120290060889
-805.000196976611
-689.738880469075
-521.265125650747
-312.000489269571
-77.7839561816968
163.520842054852
393.590760276878
595.219496440312
753.747130244785
858.206203641365
902.084245692198
883.649259557551
805.835141130410
675.731758644640
503.763571895238
302.666698125243
86.3847188731233
-131.001976918448
-336.217921632813
-517.539446092984
-665.315249167487
-772.263173608626
-833.574084778887
-846.872622230145
-812.091764306880
-731.313436036173
-608.612610556335
-449.920963079869
-262.902649097085
-56.8140126492541
157.694693119068
368.881068035834
564.353377107917
731.673193108471
859.109591893722
936.505461280415
956.186341821015
913.818386851444
809.109140419587
646.246101818913
433.984719550605
185.328533213134
-83.2135387717485
-352.759299427792
-603.492815122930
-816.287458663836
-974.358916470591
-1064.78190255743
-1079.71086458682
-1017.17068574349
-881.325678688267
-682.189222099089
-434.795795331404
-157.914748198098
127.566093192121
400.424828933032
640.880411828561
832.185634555875
961.890122792715
1022.66568471298
1012.63742971832
935.219239222369
798.504577331311
614.306989917395
396.974086616099
162.111476781578
-74.6514862183679
-298.742412639494
-497.493127572245
-660.711937744326
-780.978538066958
-853.693559887859
-876.939835398319
-851.225320405398
-779.177377014441
-665.245924540297
-515.451796271449
-337.190780993651
-139.078193211042
69.2018366646646
277.089970185448
473.436390687453
646.913796588707
786.574509827116
882.539292564201
926.774759733324
913.888252364791
841.848658828308
712.532967210148
532.003756189674
310.442839601674
61.6991871378585
-197.548607785110
-448.968830001058
-674.001371568562
-855.403673034007
-978.767795632441
-1033.85233683058
-1015.58510636306
-924.622278348518
-767.393998002948
-555.620079261108
-305.336111430759
-35.5231487167878
233.523249603406
481.921705485714
691.860034974675
849.016268169125
943.614408392466
971.026855851979
931.887205371200
831.730979531446
680.231152133663
490.134198972957
276.026560077798
53.0685541071422
-164.176990137911
-362.718531596804
-531.844086368091
-663.536016739029
-752.603697612619
-796.578625041648
-795.439385638033
-751.243886600083
-667.742873985511
-550.033607962086
-404.288935647698
-237.569424190905
-57.6996899161406
126.830716818475
306.992868091167
473.421319473746
616.733362709668
727.982133068387
799.233034216624
824.223188001017
799.037169713609
722.713876853647
597.692649262445
430.013694447671
229.208446813447
7.84761342506015
-219.245568267371
-436.067100706216
-626.700322051685
-776.661482126603
-874.187079536249
-911.326416925374
-884.718726099526
-795.965260792064
-651.549334611780
-462.306202539851
-242.493874936036
-8.55928277706371
222.273681063435
433.450714068273
610.424695642369
741.757377213195
819.888988552711
841.520214513843
807.596080782295
722.924987435866
595.503012455552
435.639368906134
254.990915442359
65.6112509243853
-120.895468551617
-294.051174784430
-444.977115334099
-566.661461537483
-654.046814585069
-703.983053312439
-715.100657232909
-687.658365948144
-623.407843599187
-525.499502321187
-398.431511657494
-248.022498641181
-81.3715761541796
93.2396323303382
266.547453949135
428.642635584573
569.456669247947
679.386323171112
750.017356582710
774.883577739530
750.179369447329
675.335940159227
553.375871962914
390.977326110701
198.207023018559
-12.0833106871564
-225.163320917584
-425.562096322779
-598.335941619990
-730.343840887898
-811.402332702677
-835.200201589310
-799.876283548895
-708.198206239506
-567.321942337636
-388.156576029878
-184.400285365051
28.6527593950189
235.413032326564
421.274670317372
573.750921675768
683.364762199387
744.224610260324
754.252554389979
715.071412578972
631.592423787425
511.373240152030
363.833150869797
199.417688741001
28.7982001109803
-137.824564352048
-291.267157538908
-423.741121579302
-529.067615951219
-602.755516061597
-641.982631373208
-645.523947472743
-613.666228857780
-548.136385300984
-452.054312263403
-329.902792326578
-187.491001713135
-31.8773412535919
128.786030726644
285.519418671569
428.911730452100
549.646064702314
639.131175484929
690.192302575796
697.755848568691
659.450696686346
576.047058382122
451.662758606705
293.686412589982
112.395089264411
-79.7224516737677
-268.891162445440
-441.146546039353
-583.501820854386
-685.071283048768
-738.035661817039
-738.348548198732
-686.108330314362
-585.554622281558
-444.687855894256
-274.550754205285
-88.2459996960121
100.208714441383
277.072047465147
429.999058769671
548.984076053939
627.044001213966
660.591562522363
649.484135518432
596.769492494848
508.180808022708
391.455835587955
255.567012030558
109.949500965130
-36.1963970019104
-174.471276954005
-297.678540619946
-400.055782422933
-477.353073209176
-526.793721238644
-546.963251578162
-537.673503752234
-499.841329669837
-435.407141009922
-347.300309201435
-239.439556800592
-116.740451734202
14.9080986024349
148.738828752735
277.306820313187
392.816001637518
487.571364772255
554.533733406224
587.931525828399
583.865973958870
540.835896809781
460.107601744601
345.865655335078
205.100446668081
47.2164876619265
-116.622143051280
-274.360086329816
-414.055010560439
-524.919785773846
-598.295083180374
-628.448452729494
-613.112151020506
-553.699192952810
-455.172053337947
-325.576852865769
-175.292932731002
-16.0788064827146
139.983297572664
281.533301646514
398.863131764913
484.641264831850
534.369880107369
546.546061043916
522.533852330622
466.186524180642
383.284008520902
280.866101260371
166.546099847059
47.8821589924383
-68.1334962230899
-175.431231524843
-269.056985235334
-345.217429041997
-401.213486137144
-435.310739449614
-446.598107772817
-434.879500144745
-400.628491083080
-345.016164388176
-270.000739954249
-178.448262265336
-74.2399685470615
37.6834626848155
151.386508880742
260.144695305268
356.803544029874
434.277297502619
486.148584197998
507.308218615427
494.559611182499
447.107523084228
366.857454148845
258.469484469605
129.136963878312
-11.9072580094163
-154.120584962781
-286.549237596782
-398.805099429605
-482.017634964577
-529.657582144674
-538.141864858203
-507.153245838757
-439.640614329241
-341.502328274034
-220.991016245821
-87.9091012709097
47.3138214682029
174.560348065297
284.882311384410
371.190736838793
428.717915313307
455.220992251392
450.928681790255
418.262627879887
361.388719281732
285.668492822634
197.085164942246
101.712875316933
5.28292938931435
-87.1200992239798
-171.223132458330
-243.603499767227
-301.633438897800
-343.372832478663
-367.455694883052
-373.010407071862
-359.641064309728
-327.479911713355
-277.301764477623
-210.673841980787
-130.101608283894
-39.1252875312423
57.6760921367604
154.806050210918
246.113400052770
325.191166524492
385.884058950978
422.856712760262
432.160127919870
411.726801032001
361.727376857554
284.733358986270
185.650322854195
71.4117976949698
-49.5477052240847
-167.994804874729
-274.706225930475
-361.301509893127
-421.011269375154
-449.298327464889
-444.264657586234
-406.800784191317
-340.463289013679
-251.096680574565
-146.244312303548
-34.4157622872321
75.7076395379247
176.043270488337
259.774020017358
321.847393993106
359.265598540514
371.152021978455
358.606708426264
324.387486616188
272.471352511926
207.560390361771
134.597028922386
58.3451382044873
-16.9220326319146
-87.6062298879922
-150.841684111758
-204.446371471969
-246.802835737457
-276.712599991452
-293.268474274511
-295.781540546954
-283.785639565531
-257.124164449435
-216.104893136487
-161.691662524883
-95.6897951556475
-20.8774802164360
58.9611595973488
139.134030575148
214.284678774275
278.774078144958
327.170299634123
354.795697074253
358.267144851227
335.959166631135
288.323786717414
218.014522344487
129.783623202825
30.1487428009520
-73.1458701167497
-171.821767093948
-257.839410975210
-324.166973661238
-365.458280076085
-378.562870912497
-362.810559518519
-320.039648350435
-254.368622341861
-171.741594287435
-79.3040236354886
15.3161496946665
104.738156271289
182.487272520824
243.513919486485
284.524870217180
304.104562782615
302.632104325115
282.024769562302
245.358254671989
196.425190938401
139.295268682483
77.9329986302422
15.9142130882334
-43.7374770318195
-98.5946127777099
-146.770356691504
-186.798670929799
-217.493404960620
-237.829500772569
-246.881764489801
-243.842618990575
-228.122414186202
-199.517284148020
-158.413357016973
-105.985104993202
-44.3417066591985
23.4206989750241
93.2914857590286
160.555973846574
220.136333867974
267.034518018618
296.830781430017
306.179132237332
293.236592636901
257.967363881436
202.275525590517
129.939231728377
46.3429851621372
-41.9706462122363
-127.885870776029
-204.373597752659
-265.154985501571
-305.295967973670
-321.667859716785
-313.224769943337
-281.070002595776
-228.308090524577
-159.703480396277
-81.1881107864131
0.724343637708535
79.5516968781259
149.418156246720
205.533016498592
244.529638924697
264.639971248697
265.700418228524
249.004530724704
217.034303125794
173.112977572363
121.027055834325
64.6635180795556
7.70072396448972
-46.6204453476521
-95.6330066236822
-137.290283333903
-170.137520431612
-193.233138524262
-206.048563739268
-208.374949928833
-200.259726362471
-181.986810744655
-154.103106617843
-117.482429295315
-73.4081651661295
-23.6493975969396
29.4969333419949
83.2225534980685
134.300435086160
179.259811479562
214.636891003424
237.281223873736
244.686184204768
235.304188977519
208.804472054018
166.234187158159
110.052267539270
44.0189560392410
-27.0593403280780
-97.7123189159148
-162.280908704947
-215.437744067824
-252.697586695369
-270.861018313917
-268.340458206535
-245.329782877679
-203.796145089142
-147.292900369592
-80.6133039086481
-9.32318690559998
60.7752412276422
124.188807352044
176.228242503664
213.400036330273
233.656515876510
236.483644377757
222.826382293620
194.871154794880
155.721406426659
109.013254228206
58.5225165136668
7.81150930026486
-40.0453977703687
-82.6328282349599
-118.254466075388
-145.891709600744
-165.085143196744
-175.773080371792
-178.125390302014
-172.408246205684
-158.906878343864
-137.920362871104
-109.827122041930
-75.2047119527056
-34.9751637809203
9.46026715423238
56.1342510778767
102.506275117706
145.555708805676
181.979760528319
208.483389440056
222.131392166363
220.719549731912
203.114146884377
169.508804754528
121.554795389356
62.3351020435942
-3.82832223362165
-71.7229395973453
-135.717289609382
-190.305869784880
-230.665581967628
-253.158364137000
-255.719450770823
-238.083573934540
-201.820696129189
-150.176014149479
-87.7329015579851
-19.9389631188970
47.4484073633486
108.931769228660
159.793179416151
196.506155367496
216.997956826532
220.740329312514
208.669197068270
182.955154861162
146.664109058525
103.358794493366
56.6958026524568
10.0689509828271
-33.6608388785343
-72.3246878663408
-104.487716270669
-129.385609025652
-146.782693762434
-156.788470748705
-159.673150538002
-155.719607083573
-145.139929985960
-128.071065068095
-104.648137491986
-75.1385419188253
-40.1072692295355
-0.576274011009305
41.8607370961681
85.0015656657872
126.099252431590
162.033348376394
189.578412220467
205.742631530002
208.135859575035
195.318111481740
167.078102623941
124.597211198077
70.4667353415617
8.54394809683764
-56.3470815344085
-118.843398335690
-173.555520778519
-215.607446245478
-241.142038003603
-247.732006476372
-234.646906465648
-202.943261221357
-155.365956361686
-96.0716896169511
-30.2065620853273
36.6129196533612
98.8553070872085
151.602845145524
190.994813902734
214.539178317147
221.263732668295
211.698592835579
187.702829621805
152.166462422013
108.632562787234
60.8911998142238
12.5966894206223
-33.0475879848373
-73.5053741757446
-107.009724258750
-132.553716903481
-149.788212313406
-158.857404833805
-160.209665493139
-154.421630568284
-142.067810791932
-123.657244776682
-99.6447274610661
-70.5092103185075
-36.8785169360828
0.330277627262811
39.7899897700727
79.6956663107169
117.776385007152
151.400546319167
177.773451794916
194.210051393779
198.451616122916
188.984997995378
165.318762536511
128.172690846215
79.5458659210102
22.6427452891147
-38.3455720137018
-98.5886595345078
-153.058832373799
-197.020429074579
-226.510899193097
-238.757452808791
-232.479443235329
-208.039553739118
-167.424591561337
-114.056950507517
-52.4579427872847
12.1983947742915
74.5899770323015
129.752860655583
173.533224792221
202.937529423589
216.347001688310
213.580079062629
195.805249119668
165.324374202307
125.260813328337
79.1957262007590
30.7988963693326
-16.5028571425590
-59.7853404899702
-96.7930881544560
-126.004989517512
-146.607052132608
-158.392202699431
-161.615407861717
-156.835840057948
-144.776049054166
-126.221638595807
-101.974988262046
-72.8647980027268
-39.8015989681255
-3.85974820951435
33.6396458171499
71.0719469482799
106.502142910985
137.744034623200
162.490675135604
178.508794188786
183.877812803548
177.244178298671
158.055755747422
126.739986105932
84.7938518350554
34.7629946903530
-19.8995070958732
-75.0888758805913
-126.397644217874
-169.523319027325
-200.690656980399
-217.040449986061
-216.938744191849
-200.168423442669
-167.978164762185
-122.980303228992
-68.9070201056956
-10.2511761996445
48.1681571651402
101.666665236283
146.130820064572
178.381354772302
196.426284546765
199.579871556009
188.440855667672
164.740545428269
131.086680116347
90.6403293117365
46.7690655663162
2.71957806530026
-38.6529988092425
-75.0724553469439
-104.932770519850
-127.295233774864
-141.806933949652
-148.566469026340
-147.968415311641
-140.558396862505
-126.925631116531
-107.650526237525
-83.3128707346924
-54.5534085909742
-22.1702629495926
12.7763363242850
48.8808691126444
84.3586940120993
117.082209680105
144.696393167615
164.809478256734
175.240689568767
174.295110299512
161.027917116545
135.457786733756
98.6928937694369
52.9423016739525
1.39953801102018
-51.9981432254131
-102.914218593185
-147.025465538852
-180.456318456431
-200.183887631383
-204.364462246727
-192.540864040687
-165.704088542424
-126.200400708898
-77.4940525521356
-23.8134919467849
30.2770494594725
80.3302237845849
122.440260504317
153.592348296735
171.900217885305
176.710640783565
168.570937697092
149.072724557062
120.599696663834
86.0173775199619
48.3472441772951
10.4661322311047
-25.1351661346121
-56.5113920295405
-82.3312491038064
-101.859475376340
-114.869349498392
-121.511053834085
-122.165381864515
-117.311401112476
-107.431250815874
-92.9663298700817
-74.3282751780376
-51.9571493317588
-26.4099215560647
1.54389112158832
30.8446972770879
60.1064500954744
87.6381831711389
111.530939599225
129.806677752801
140.614917975502
142.453808550052
134.386341411338
116.220587983107
88.6254167721231
53.1599281229375
12.2049398911252
-31.2030422019025
-73.6224365144030
-111.517610137628
-141.597670590955
-161.145799704513
-168.301851837760
-162.265457632737
-143.395428793002
-113.192805033354
-74.1680089855038
-29.6056798627740
16.7477408572441
61.0400699260736
99.6749263500859
129.640503027676
148.771636428225
155.919408926273
151.013483439827
135.014776616218
109.768413644766
77.7776982940875
41.9278147993438
5.19226065440399
-29.6448275339551
-60.2211465586643
-84.7614534085227
-102.163150211617
-112.000548526351
-114.456492247962
-110.198661475768
-100.223704013676
-85.6946419469321
-67.7955670377985
-47.6227826191940
-26.1240642852477
-4.08876173127842
17.8175769582476
38.9881227015065
58.7985396307071
76.5408555789349
91.3869297148455
102.395836902270
108.571620955002
108.968508443843
102.831282490359
89.7506083637071
69.8080221498899
43.6839984804398
12.7054173080736
-21.1843607014350
-55.5395587197507
-87.6050936568294
-114.571677549968
-133.865560039604
-143.438537241690
-142.021293795122
-129.305636958415
-106.028592746838
-73.9428119175328
-35.6718081025111
5.53666840299557
46.1323743577319
82.6224870093771
111.927264698288
131.689122433560
140.498506707495
138.010559083085
124.940613750268
102.942142692096
74.3856842849061
42.0694994438253
8.90051900639453
-22.4134603745670
-49.6226558770829
-71.1159604841024
-86.0062708638198
-94.1174921631597
-95.8842068580367
-92.1867744332649
-84.1525285092925
-72.9566857180525
-59.6542697515755
-45.0672820361757
-29.7407342073258
-13.9687394819134
2.12036416250977
18.4409769135710
34.8167769859778
50.8659959917275
65.9313100306491
79.0725411621547
89.1295032703778
94.8500229738377
95.0663837824876
88.8940713649453
75.9212666067255
56.3569687016987
31.1101175741879
1.78103529161857
-29.4413541850967
-59.9695077577566
-87.0744491024412
-108.179689494892
-121.155033872735
-124.572115512183
-117.887522868008
-101.528211428272
-76.8663205152714
-46.0848132715564
-11.9495377007357
22.4845979011575
54.1972903219773
80.5168156703119
99.3865852724806
109.553335813420
110.656755517857
103.213525587055
88.5025117197523
68.3702821230267
44.9855888784794
20.5767168783505
-2.81391762459597
-23.5277596337675
-40.4187183122303
-52.9012530865570
-60.9187244628473
-64.8440313040165
-65.3335495440111
-63.1609201855566
-59.0586227841511
-53.5924445538784
-47.0874550453087
-39.6149819139802
-31.0397714174155
-21.1165714467133
-9.61727807055210
3.53527076358277
18.1520575654655
33.7037510870571
49.3040300956599
63.7579096120772
75.6724856528748
83.6175576427144
86.3152700944070
82.8324736034738
72.7477701052561
56.2674853422701
34.2708416605933
8.27359373641398
-19.6898763842198
-47.2549991721277
-71.9652204286900
-91.5320300541965
-104.085325123912
-108.383190844868
-103.954845403126
-91.1586441143282
-71.1475984333219
-45.7464313023576
-17.2552209006340
11.7962858894713
38.9137711400424
61.8910407797844
79.0207630489042
89.2397571845026
92.1943304345137
88.2218239073931
78.2553876983921
63.6685829565435
46.0834227071355
27.1690113365309
8.45762235941131
-8.79898457542781
-23.7172884233126
-35.8070813042322
-44.9368142859314
-51.2509145015796
-55.0574419417718
-56.7080659750355
-56.4924167422370
-54.5654583277202
-50.9202147626636
-45.4099668102400
-37.8152202155401
-27.9427068526753
-15.7376831801261
-1.38779195351069
14.6027430261152
31.3858400830279
47.7995539161814
62.4568854390776
73.8855439534672
80.7022145087646
81.7984468939511
76.5120204489033
64.7581251706331
47.0989665851758
24.7379283505119
-0.565792249991957
-26.6554724209164
-51.1913752222351
-71.8967134701421
-86.8054162137085
-94.4810854219574
-94.1796656345405
-85.9351895843916
-70.5575966614035
-49.5427460335320
-24.9058525775093
1.04084246748131
25.9385798861286
47.6301090341869
64.3755682054477
75.0114273337368
79.0357226652523
76.6128297122316
68.5016233598968
55.9205980624800
40.3710550067885
23.4438309707616
6.63573741073274
-8.80107837965224
-21.9597040063982
-32.3200221022831
-39.7314054352346
-44.3453168897537
-46.5134983946921
-46.6716719409948
-45.2296916841589
-42.4868202493906
-38.5856859677603
-33.5113602496308
-27.1340112703946
-19.2859911531608
-9.85817528531319
1.10317676789961
13.3182838226269
26.2310709609874
39.0130724803550
50.6180597018554
59.8833488705157
65.6660381711863
66.9962770095332
63.2260335262220
54.1512831504471
40.0882280370192
21.8897409145806
0.895951473161928
-21.1783104995824
-42.4078632449094
-60.8546951902578
-74.7751769018822
-82.8117017595560
-84.1450688496214
-78.5886430287653
-66.6125563840907
-49.2949712110357
-28.2065236599579
-5.24229038668068
17.5781168348136
38.3182234119883
55.3157007642636
67.3351037560075
73.6662444363792
74.1595087531768
69.1976603594948
59.6116223620844
46.5543292097756
31.3511612873776
15.3472075610499
-0.229470161756314
-14.3729975144923
-26.3632077144053
-35.7840136870011
-42.4997536694650
-46.5983875049738
-48.3145190304805
-47.9471453509563
-45.7866042534242
-42.0625725418103
-36.9206395881752
-30.4296549218716
-22.6165634921820
-13.5206345633968
-3.25557652644893
7.93349406774841
19.6306863077086
31.2374568318926
41.9939273806266
51.0339417774184
57.4690138203252
60.4914832163814
59.4836259265742
54.1176862090559
44.4320902817164
30.8714620580709
14.2822050171036
-4.13918486937873
-22.9419479016044
-40.5521537846113
-55.4253948373692
-66.2042225788315
-71.8623049378703
-71.8183194581333
-66.0057418803393
-54.8895772019370
-39.4271303057515
-20.9763961642687
-1.16177746077308
18.2881399617355
35.7127262782987
49.6821754436423
59.1330493998153
63.4617457404286
62.5662046563417
56.8323910699627
47.0686918892767
34.3975338994178
20.1184803941473
5.56017681975924
-8.06060960653336
-19.7560849815592
-28.8475134825553
-35.0004429198395
-38.2134762502142
-38.7653560927026
-37.1307231874593
-33.8789543643193
-29.5724053570182
-24.6798953486371
-19.5184306823728
-14.2313740743636
-8.80521672581360
-3.12069986632763
2.97176809750360
9.56673548148632
16.6247705884763
23.9158161692102
30.9975322975212
37.2359640266680
41.8690613516523
44.1063350495516
43.2513754087058
38.8291557701368
30.6978285461760
19.1255736956175
4.81700182287132
-11.1198058905160
-27.2661987354719
-42.0374631008778
-53.8624388528536
-61.3756098215422
-63.5959268206549
-60.0671440002863
-50.9386695894153
-36.9733659874695
-19.4783987560603
-0.165781025898070
19.0408310643003
36.2287318362673
49.7192786693051
58.2621656880955
61.1751769868804
58.4111054460396
50.5435517307686
38.6745674049821
24.2779381980486
9.00072792179098
-5.54878076276570
-17.9972172323721
-27.3597141680714
-33.1311289077641
-35.3046682574937
-34.3186521438367
-30.9428050182007
-26.1241957476859
-20.8184458044019
-15.8332852100393
-11.7087775264361
-8.65203521570038
-6.53505925264947
-4.95392820829783
-3.33757970930730
-1.08644160018665
2.28357121546501
7.01694503674146
13.0362827365413
19.9169453443321
26.9244375709959
33.1101103147181
37.4511663684849
39.0135388443223
37.1121322685317
31.4428152322824
22.1644497844361
9.91653420650338
-4.23240259947633
-18.9001541558266
-32.5548547369138
-43.7052322745880
-51.0906472022044
-53.8443623382842
-51.6072769798351
-44.5764370633343
-33.4819143605670
-19.4957326039625
-4.08591595112215
11.1639117308204
24.7446617845648
35.3962578030153
42.2439909117858
44.8802892268597
43.3835422414501
38.2745899073661
30.4199985174031
20.8980990152646
10.8480475329858
1.32338580547872
-6.83029808484601
-13.0585585604773
-17.1335159081862
-19.1401974175384
-19.4195489141374
-18.4797091908553
-16.8909821060394
-15.1813478027618
-13.7482615199460
-12.7991920666635
-12.3284439624249
-12.1320717397026
-11.8569853374763
-11.0754601881891
-9.37284058069976
-6.43465776083064
-2.11979688667104
3.49141105032407
10.0816079610761
17.1161878733349
23.8964350995862
29.6395327813601
33.5753810729449
35.0479181242233
33.6079505968569
29.0854153387698
21.6313674405456
11.7235215265026
0.133443706134749
-12.1419884782289
-23.9779803971623
-34.2376680794110
-41.8936325708047
-46.1413286932188
-46.4912673936939
-42.8289107106501
-35.4346897404844
-24.9609857652189
-12.3678429641559
1.17595314681033
14.4155769125309
26.1427498099605
35.3228836043244
41.2018584504860
43.3797920613614
41.8430821894445
36.9511325609680
29.3798713032554
20.0297014632956
9.91013400596783
0.0163868952494562
-8.78577503652773
-15.8519290901513
-20.8159417209558
-23.6053453922401
-24.4145487721778
-23.6414403939505
-21.7983164577352
-19.4118267738480
-16.9281867582996
-14.6389658194791
-12.6394269050404
-10.8261263350729
-8.93406958002552
-6.60714186321172
-3.48983090525241
0.675636831412838
5.96404376022161
12.2097531200447
18.9890469003792
25.6480881549981
31.3751038426863
35.3080625227971
36.6629019406810
34.8632663194064
29.6514576074631
21.1621776307351
9.94544461459722
-3.06785042361801
-16.6559534998904
-29.4417015243492
-40.0562432036908
-47.3091707086919
-50.3416586990476
-48.7410810554959
-42.6006405047266
-32.5150837516958
-19.5124840369421
-4.93103806025419
9.74248536108292
23.0507319497177
33.7361853186094
40.8814240389627
44.0012509373743
43.0758967228715
38.5230879346887
31.1154810376261
21.8574989724410
11.8408612510442
2.10033728588278
-6.50978749062343
-13.4021176745676
-18.2954150923030
-21.2044017264818
-22.3855180796988
-22.2506587060460
-21.2653691398908
-19.8496726705104
-18.2984128026307
-16.7340298192916
-15.0987364520300
-13.1861158972071
-10.7053692091590
-7.36587793878235
-2.96629659836677
2.52842508032267
8.93676574421209
15.8474451075685
22.6476340232141
28.5900970719616
32.8903610073070
34.8398999608454
33.9183575660035
29.8874456169961
22.8514283918379
13.2736794145054
1.94499717743682
-10.0937338199572
-21.6653673527335
-31.5923292998370
-38.8367179730956
-42.6261572608761
-42.5487068457632
-38.6042607785470
-31.2056988006998
-21.1297606509295
-9.42425188040726
2.71615172673575
14.0893121190363
23.6223753412765
30.4887153857422
34.1909315364051
34.6005570270693
31.9510513886680
26.7868518052284
19.8769093190257
12.1054907365093
4.35553857998855
-2.59973542735793
-8.18308390806432
-12.0669063402463
-14.1888573348474
-14.7293131385146
-14.0559278957236
-12.6449341932693
-10.9918029171751
-9.52499805892406
-8.53572145038224
-8.13388787427870
-8.23649590396420
-8.58964838382074
-8.82042390518749
-8.51031895065781
-7.27870190513222
-4.86311155688552
-1.18353083798080
3.62005558300187
9.18374304872554
14.9515076804086
20.2395596088225
24.3251727122762
26.5480474013513
26.4100092535261
23.6585626332488
18.3415912775679
10.8241258115334
1.76311394945277
-7.95814084890944
-17.3285518955319
-25.3287302506398
-31.0560529007625
-33.8388280498986
-33.3241551724330
-29.5273142607767
-22.8354914997862
-13.9646917347287
-3.87497351828109
6.34520475083738
15.6105165626080
22.9689782191097
27.7138099554920
29.4624358064859
28.1926324599603
24.2317316936859
18.2012175814822
10.9251279199071
3.31551010251610
-3.74888786718457
-9.53389706387477
-13.5361582777044
-15.5331708020816
-15.5914451535587
-14.0331950247268
-11.3679821019272
-8.20066419044490
-5.13018209248867
-2.65470772549185
-1.09734744310628
-0.563176561622410
-0.933407462510061
-1.89672396362976
-3.01211950882268
-3.79280704085125
-3.79762883685242
-2.71533977258146
-0.428306737885807
2.95463353609999
7.10168086739831
11.4979131412528
15.5158995491585
18.5068292498666
19.8987396826954
19.2872617776138
16.5052858347220
11.6609347066855
5.13776174401914
-2.44350034133266
-10.2968178707318
-17.5667520853456
-23.4353654212111
-27.2255980624214
-28.4871053204188
-27.0530413875299
-23.0603557154821
-16.9312359445277
-9.31865681085834
-1.02382476300193
7.10302607209992
14.2650213292090
19.8106471616630
23.3035689828474
24.5618377634231
23.6625012377457
20.9125191737002
16.7915017232078
11.8755038107121
6.75341415857750
1.94808200786358
-2.14681839712890
-5.30587373912221
-7.48247198156983
-8.79067396566815
-9.46258225202555
-9.78895959819831
-10.0532225587116
-10.4697646127456
-11.1367418069139
-12.0111139908979
-12.9102260676372
-13.5400534377949
-13.5460348175096
-12.5787915942788
-10.3645227847079
-6.76884799896436
-1.84351495548000
4.15237706673034
10.7614605182285
17.3679841324233
23.2644736650247
27.7370801802915
30.1585124260790
30.0759368014533
27.2814641887403
21.8548303659947
14.1713704217549
4.87292488458509
-5.19572143758648
-15.0775648206926
-23.8101884435746
-30.5352448778757
-34.5966919924997
-35.6152300527043
-33.5294736721764
-28.5987740744051
-21.3676802796409
-12.5970871840434
-3.17145866395060
6.00546941594063
14.1128237320097
20.4995108658305
24.7452889414668
26.6892238783680
26.4234819364181
24.2553026770350
20.6443496239584
16.1258251672533
11.2313149585070
6.41909208566007
2.02363219709234
-1.76930234310271
-4.91991855861673
-7.50637373850624
-9.67785727253854
-11.5980466623456
-13.3895754015394
-15.0897837353091
-16.6259956528354
-17.8152040846641
-18.3888844711147
-18.0393515496193
-16.4803047416816
-13.5115713491051
-9.07697780849563
-3.30494296907823
3.47628766127238
10.7531975886911
17.8713403922842
24.1049033010595
28.7429342835185
31.1808449831793
31.0045759055127
28.0553879634300
22.4655631896876
14.6590409343334
5.31566157192827
-4.69741451802264
-14.4190860075917
-22.9010617093090
-29.3146885974992
-33.0444761986251
-33.7566382089668
-31.4342167090203
-26.3746890024771
-19.1507862915784
-10.5399237127303
-1.43153244595441
7.27580634910140
14.7745191688972
20.4332762127248
23.8573549143539
24.9176736180443
23.7462702976072
20.7003941413035
16.3013474349211
11.1572490866572
5.88061443668869
1.01186706547778
-3.04137066050051
-6.04191127036623
-7.93371916026263
-8.82574578809051
-8.95268082872364
-8.61955841723779
-8.13926007723649
-7.77274652726983
-7.68123542129520
-7.89761768466276
-8.32144495157631
-8.73823905656770
-8.86017229602030
-8.38186517935355
-7.04261822408731
-4.68519412783076
-1.30149058583260
2.94290742425304
7.71043199152527
12.5209027085368
16.8058999773953
19.9816297881455
21.5307034368989
21.0814418494484
18.4730607509726
13.7964999556006
7.40359606530606
-0.118591153934202
-8.00673816364703
-15.4072013761260
-21.4785862695118
-25.4978126890189
-26.9555083375569
-25.6274693600712
-21.6117236125238
-15.3250901041889
-7.45848306069004
1.10416564384151
9.39338591630288
16.4742241021886
21.5630392524680
24.1253721104194
23.9415813859212
21.1312136935779
16.1326800745965
9.64097366586600
2.51200415523830
-4.35319943821202
-10.1283434830963
-14.1691651763370
-16.0933870786266
-15.8225111061430
-13.5801541895596
-9.84790723730079
-5.28581591832982
-0.629634980474458
3.41974924825453
6.29837944824980
7.65789388173808
7.40959205793023
5.72800348752840
3.01421027259496
-0.174772824952225
-3.21921121199318
-5.53782466932076
-6.68125944281868
-6.40355351966651
-4.70081527841496
-1.81147243538404
1.82160043637520
5.62091794794005
8.96517170912706
11.2868339565691
12.1615090689209
11.3753471961689
8.96029615729730
5.19195840997868
0.550559662706250
-4.34886101201228
-8.84631694407450
-12.3331422025399
-14.3401854929449
-14.6048327053220
-13.1071038681783
-10.0698385456443
-5.92343212054839
-1.24087761011731
3.34679401221285
7.24183557353389
9.96425784158916
11.2171295746274
10.9234790276164
9.22998916519176
6.47771932171204
3.14498158949511
-0.228477862137549
-3.12427399022432
-5.12266939156492
-5.96297235373385
-5.57843422646585
-4.10101249162287
-1.83593745640565
0.789503613340526
3.29482626921613
5.22226708926151
6.20833149575261
6.04038556099471
4.69007248026759
2.31884552990126
-0.744966317269898
-4.05401036850734
-7.10757549424196
-9.42548113107749
-10.6195111837563
-10.4521444042601
-8.87419292112944
-6.03596631513021
-2.27029668237199
1.95032894276416
6.07671213806508
9.55739281900509
11.9144579349904
12.8103573087194
12.0965570699343
9.83726385433723
6.30475391421477
1.94660608248530
-2.67112431815191
-6.93752658295023
-10.2776893799406
-12.2301607433512
-12.5106940018787
-11.0536181570743
-8.02497934308655
-3.80521189084362
1.05694036247769
5.91372530709661
10.1022236900726
13.0319658101820
14.2648455898620
13.5766320788231
10.9915821056803
6.78503177636076
1.45297238976938
-4.34803031641988
-9.88321001106179
-14.4337917996679
-17.3907502423233
-18.3357111105520
-17.0980742755805
-13.7804402447770
-8.74855761236965
-2.58673087710763
3.97570023869330
10.1572245153556
15.2240681146264
18.5837997395854
19.8600668157700
18.9384317147948
15.9772269688687
11.3821707357226
5.74850156709797
-0.221109569395097
-5.81127999034546
-10.3879986211357
-13.4790222759538
-14.8296280837099
-14.4264268446107
-12.4866355390066
-9.41524060568498
-5.73711269966694
-2.01467346374324
1.23635655825667
3.62056163824049
4.91506480344308
5.09310835201419
4.31619388257627
2.89685750252211
1.23863890446420
-0.236777868795760
-1.16343607755448
-1.29418810544072
-0.543033562548999
0.999858098158508
3.08263345622915
5.33325575678273
7.32126421117204
8.62985966337444
8.92678269624777
8.02266323821480
5.90750408418024
2.75939476251711
-1.07610650765825
-5.13291711417119
-8.89061137145118
-11.8497806592314
-13.6051121419044
-13.9050964832406
-12.6893479588582
-10.0979629437198
-6.45161407608654
-2.20551446156868
2.11569235523557
5.99224989821685
8.98166377951216
10.7784074036684
11.2522765289255
10.4600468478932
8.62919259354061
6.11666308307008
3.34944355127746
0.756288313748227
-1.29878064954229
-2.57103168405692
-2.96941238443858
-2.56572074141844
-1.57741931195675
-0.327000450020836
0.815611955074771
1.49856120002478
1.45119159395270
0.534893127616433
-1.22644326054950
-3.64142989898833
-6.37292945822943
-8.98384005828507
-11.0006030612345
-11.9854057063149
-11.6066246439526
-9.69712002288100
-6.29153511420189
-1.63656795516655
3.82813167717548
9.51673476038141
14.7661112699332
18.9181152605433
21.4045958032292
21.8238962861324
19.9985533125423
16.0062379617611
10.1793895344624
3.07302529228396
-4.59566328678335
-12.0286409889882
-18.4392585109082
-23.1439094508847
-25.6416855312859
-25.6721252688986
-23.2439569244898
-18.6314543638053
-12.3391651079901
-5.03978827177216
2.50665231973089
9.54191949349736
15.3956512399134
19.5577292925813
21.7282456386074
21.8395220085385
20.0484622941803
16.7015028761165
12.2780228667295
7.32079266032955
2.36350693534164
-2.13452367583132
-5.83784595344704
-8.56243277923926
-10.2787020653489
-11.0910753553818
-11.1986576274678
-10.8443537808192
-10.2613101505876
-9.62575141670124
-9.02405323228923
-8.43944072988298
-7.76041056406912
-6.80934739169263
-5.38640712052731
-3.32110066091923
-0.522553053418727
2.98062380591543
7.01849485575983
11.2809882823245
15.3435669371997
18.7149918186073
20.9011856097051
21.4764180391969
20.1515023863429
16.8286709085299
11.6343189794261
4.92367471105299
-2.74473876199897
-10.6627727972903
-18.0483811564320
-24.1341265487689
-28.2572385241697
-29.9395915546237
-28.9471728834584
-25.3212446360797
-19.3770987934810
-11.6705342918686
-2.93636035926206
5.99322595731488
14.2801025854091
21.1702180169679
26.0713084671425
28.6094275258322
28.6583821949473
26.3398254787660
21.9955443099334
16.1368851696747
9.37883782404285
2.36774550811843
-4.28820467154206
-10.0775846189826
-14.6273201030130
-17.7238594078947
-19.3134291375293
-19.4836534722591
-18.4310423807725
-16.4202843592025
-13.7417749383613
-10.6733780165950
-7.45118654625105
-4.25225643881689
-1.19022746596700
1.67727283912830
4.33224082326303
6.77487795722047
9.00158590552280
10.9866178912314
12.6708045094217
13.9594744868617
14.7301240138499
14.8487813980304
14.1925906837925
12.6750893458726
10.2701173276207
7.03033495770875
3.09693873451559
-1.30173185276849
-5.86354612129986
-10.2371165512397
-14.0551534750457
-16.9729391856216
-18.7073127966064
-19.0712167068896
-17.9991529548842
-15.5598258044545
-11.9537164472361